#nages
8
#nyrs
30
#npops_EM
2
#nregions_EM
 1 1
#nfleets_EM
 1 1
#nfleets_survey_EM
 1 1
#npops_OM
2
#nregions_OM
 1 1
#nfleets_OM
 1 1
#nfleets_survey_OM
 1 1
#tsurvey_EM
 0.5
 0.5
#diagnostics_switch
0
#fleets_as_areas_switch
0
#move_switch
3
#report_rate_switch
0
#natal_homing_switch
0
#spawn_return_switch
0
#select_switch
1
#select_switch_survey
1
#maturity_switch_equil
0
#SSB_type
2
#Rec_type
2
#apportionment_type
-2
#use_stock_comp_info_survey
0
#use_stock_comp_info_catch
0
#F_switch
1
#M_switch
0
#recruit_devs_switch
1
#recruit_randwalk_switch
0
#init_abund_switch
0
#est_dist_init_abund
0
#tspawn_EM
 0 0
#return_age
7
#return_probability
 1 1
#spawn_return_prob
 1 1
#do_tag
1
#fit_tag_age_switch
0
#do_tag_mult
1
#est_tag_mixing_switch
0
#sigma_recruit_EM
 0.55 0.5
#ph_lmr
1
#Rave_start
8.5
#lb_R_ave
2
#ub_R_ave
20
#ph_rec
2
#lb_rec_devs
-10
#ub_rec_devs
10
#ph_rec_app_CNST
-4
#ph_rec_app_YR
-4
#lb_rec_app
-5
#ub_rec_app
5
#ph_init_abund
1
#N_start
8
#ph_reg_init
-2
#ph_non_natal_init
-1
#lb_init_dist
-9
#ub_init_dist
10
#lb_init_abund
2
#ub_init_abund
20
#ph_F
3
#lb_F
-5
#ub_F
5
#ph_steep
-1
#lb_steep
0.2
#ub_steep
1
#ph_M_CNST
-1
#ph_M_pop_CNST
-1
#ph_M_age_CNST
-1
#ph_M_pop_age
-1
#lb_M
-5
#ub_M
5
#ph_sel_log
4
#lb_sel_beta1
-5
#ub_sel_beta1
5
#lb_sel_beta2
-5
#ub_sel_beta2
5
#lb_sel_beta3
-10
#ub_sel_beta3
5
#lb_sel_beta4
-10
#ub_sel_beta4
5
#lb_sel_beta1_surv
-5
#ub_sel_beta1_surv
5
#lb_sel_beta2_surv
-5
#ub_sel_beta2_surv
5
#lb_sel_beta3_surv
-10
#ub_sel_beta3_surv
5
#lb_sel_beta4_surv
-10
#ub_sel_beta4_surv
5
#ph_sel_log_surv
4
#ph_sel_dubl
-5
#ph_sel_dubl_surv
-5
#ph_q
1
#lb_q
-10
#ub_q
5
#ph_F_rho
-1
#lb_F_rho
0
#ub_F_rho
2
#phase_T_YR
-5
#phase_T_YR_ALT_FREQ
-5
#T_est_freq
2
#phase_T_YR_AGE_ALT_FREQ
5
#T_est_age_freq
1
#juv_age
1
#phase_T_CNST
-5
#phase_T_CNST_AGE
-6
#phase_T_YR_AGE
-6
#phase_T_CNST_AGE_no_AG1
-6
#phase_T_YR_AGE_no_AG1
-6
#phase_T_YR_AGE_ALT_FREQ_no_AG1
-5
#lb_T
-10
#ub_T
10
#T_start
-1.25
#phase_rep_rate_YR
-6
#phase_rep_rate_CNST
-6
#lb_B
-6
#ub_B
6
#ph_T_tag
-7
#ph_F_tag
-3
#lb_scalar
-10
#ub_scalar
10
#ph_dummy
-1
#wt_surv
1
#wt_catch
1
#wt_fish_age
1
#wt_srv_age
1
#wt_rec
1
#wt_tag
1
#wt_F_pen
1
#wt_M_pen
0
#wt_B_pen
0
#report_rate_sigma
0.1
#report_rate_ave
0.5
#abund_pen_switch
0
#wt_abund_pen
0.1
#Mean_N
-8
#move_pen_switch
1
#wt_move_pen
1
#Tpen
1.25
#Tpen2
0.4
#sigma_Tpen_EM
0.5
#Rave_pen_switch
1
#wt_Rave_pen
10
#Rave_mean
-8.5
#input_weight
 0.4 0.75 1.5 3 5 7 7.5 7.7
 0.5 0.65 2 4 5.5 7.2 7.9 8.3
#input_catch_weight
 0.4 0.75 1.5 3 5 7 7.5 7.7
 0.5 0.65 2 4 5.5 7.2 7.9 8.3
#fecundity
 1 1 1 1 1 1 1 1
 1 1 1 1 1 1 1 1
#maturity
 0 0.1 0.3 0.5 0.95 1 1 1
 0 0.05 0.25 0.4 0.9 1 1 1
#prop_fem
 0.5
 0.5
#OBS_rec_index_BM
 3559.71 3342.19 5243.69 4618.92 8346.43 2140.92 2329.36 9588.37 2708.67 2263.83 1748.62 3236.72 9531.07 7332.83 5788.2 8417.33 5537.09 2482.63 3909.52 4554.68 452.264 3174.18 1318.08 2413.81 2365.26 1326.11 1750.26 3845.22 4830.19 2023.55
 5583.44 5828.44 1015.72 6278.03 1542.83 1667.27 2728.54 2066.52 4709.45 540.165 3636.81 2512.9 5525.63 1084.64 2094.41 1205.28 1023.66 1764.62 1692.39 5040.97 3218.89 1995.39 10622.5 578.192 7416.09 1746.6 2472.86 1387.84 12047.6 1953.72
#OBS_survey_fleet_bio
 57.9574
 117.411
 52.4996
 62.8534
 62.3874
 29.6111
 48.0868
 36.1553
 33.5524
 27.4045
 39.9682
 25.4267
 20.0798
 19.7808
 23.4805
 21.6055
 22.0515
 16.735
 20.9469
 24.3136
 18.2785
 20.6055
 13.9425
 14.6182
 22.2267
 18.9561
 16.0146
 23.6573
 31.3017
 33.4185
 47.9718
 31.0109
 38.1955
 34.054
 36.4875
 25.423
 20.9518
 15.5765
 15.2438
 18.0617
 12.6154
 14.6031
 10.9237
 12.8275
 9.22248
 8.39978
 9.26383
 9.93098
 7.0851
 9.96892
 5.20798
 12.6373
 11.8041
 12.6543
 11.8159
 13.2674
 16.3745
 22.9001
 13.7094
 12.9416
#OBS_survey_fleet_bio_se_EM
 0.2
 0.2
 0.2
 0.2
 0.2
 0.2
 0.2
 0.2
 0.2
 0.2
 0.2
 0.2
 0.2
 0.2
 0.2
 0.2
 0.2
 0.2
 0.2
 0.2
 0.2
 0.2
 0.2
 0.2
 0.2
 0.2
 0.2
 0.2
 0.2
 0.2
 0.2
 0.2
 0.2
 0.2
 0.2
 0.2
 0.2
 0.2
 0.2
 0.2
 0.2
 0.2
 0.2
 0.2
 0.2
 0.2
 0.2
 0.2
 0.2
 0.2
 0.2
 0.2
 0.2
 0.2
 0.2
 0.2
 0.2
 0.2
 0.2
 0.2

#OBS_survey_prop
 0.0133333 0.133333 0.306667 0.146667 0.1 0.126667 0.0733333 0.1
 0.0133333 0.0866667 0.253333 0.226667 0.133333 0.106667 0.1 0.08
 0.0133333 0.08 0.226667 0.213333 0.206667 0.1 0.0333333 0.126667
 0.00666667 0.0933333 0.22 0.233333 0.18 0.0533333 0.0733333 0.14
 0.0333333 0.12 0.206667 0.2 0.186667 0.0533333 0.0666667 0.133333
 0.0133333 0.206667 0.22 0.133333 0.133333 0.0866667 0.0333333 0.173333
 0 0.1 0.333333 0.186667 0.0866667 0.0733333 0.06 0.16
 0.04 0.166667 0.186667 0.26 0.113333 0.0666667 0.08 0.0866667
 0.00666667 0.26 0.253333 0.2 0.126667 0.04 0.0266667 0.0866667
 0.02 0.133333 0.406667 0.2 0.133333 0.04 0.02 0.0466667
 0.00666667 0.0733333 0.32 0.386667 0.126667 0.0333333 0.0133333 0.04
 0.0466667 0.173333 0.193333 0.26 0.2 0.0466667 0.00666667 0.0733333
 0.0333333 0.3 0.3 0.126667 0.1 0.08 0.0266667 0.0333333
 0.0266667 0.233333 0.42 0.186667 0.0266667 0.06 0.04 0.00666667
 0.02 0.133333 0.36 0.36 0.0866667 0.0133333 0.0133333 0.0133333
 0.0333333 0.133333 0.22 0.386667 0.16 0.0533333 0.00666667 0.00666667
 0.0333333 0.26 0.326667 0.146667 0.12 0.0733333 0.0333333 0.00666667
 0.00666667 0.206667 0.4 0.193333 0.0733333 0.06 0.0466667 0.0133333
 0.02 0.0866667 0.36 0.326667 0.0933333 0.0266667 0.06 0.0266667
 0.04 0.233333 0.26 0.253333 0.1 0.0733333 0.02 0.02
 0.00666667 0.206667 0.386667 0.213333 0.0933333 0.04 0.0133333 0.04
 0.00666667 0.0466667 0.493333 0.293333 0.0933333 0.0333333 0.0266667 0.00666667
 0.0533333 0.126667 0.18 0.38 0.173333 0.06 0.0133333 0.0133333
 0.02 0.28 0.32 0.08 0.18 0.08 0.02 0.02
 0.0466667 0.146667 0.38 0.18 0.1 0.0533333 0.0266667 0.0666667
 0.00666667 0.16 0.286667 0.286667 0.14 0.04 0.0266667 0.0533333
 0.0133333 0.0666667 0.373333 0.233333 0.206667 0.0666667 0.0133333 0.0266667
 0.0133333 0.173333 0.153333 0.36 0.14 0.1 0.0133333 0.0466667
 0.02 0.14 0.386667 0.0733333 0.16 0.1 0.08 0.04
 0.02 0.153333 0.393333 0.206667 0.0466667 0.0733333 0.0266667 0.08
 0.0133333 0.106667 0.166667 0.32 0.146667 0.133333 0.0666667 0.0466667
 0.00666667 0.0933333 0.16 0.266667 0.206667 0.126667 0.0266667 0.113333
 0.02 0.0866667 0.18 0.22 0.18 0.14 0.08 0.0933333
 0.00666667 0.113333 0.226667 0.18 0.166667 0.1 0.12 0.0866667
 0.0133333 0.1 0.18 0.24 0.16 0.0866667 0.126667 0.0933333
 0.0533333 0.106667 0.2 0.16 0.2 0.126667 0.08 0.0733333
 0.0666667 0.126667 0.286667 0.193333 0.126667 0.113333 0.04 0.0466667
 0.04 0.16 0.266667 0.206667 0.113333 0.0666667 0.04 0.106667
 0.02 0.153333 0.3 0.173333 0.213333 0.04 0.02 0.08
 0.0266667 0.0933333 0.513333 0.18 0.0533333 0.0733333 0 0.06
 0.0466667 0.0933333 0.273333 0.326667 0.133333 0.0466667 0.0333333 0.0466667
 0.08 0.153333 0.146667 0.186667 0.286667 0.0733333 0.0266667 0.0466667
 0.0733333 0.28 0.253333 0.08 0.126667 0.126667 0.0266667 0.0333333
 0.0266667 0.213333 0.546667 0.106667 0.0333333 0.02 0.0333333 0.02
 0.0266667 0.113333 0.466667 0.24 0.106667 0.00666667 0.0266667 0.0133333
 0.0266667 0.313333 0.206667 0.26 0.153333 0.0333333 0.00666667 0
 0.0133333 0.193333 0.293333 0.173333 0.26 0.0333333 0.00666667 0.0266667
 0.0466667 0.146667 0.453333 0.246667 0.06 0.04 0.00666667 0
 0.0266667 0.193333 0.246667 0.333333 0.146667 0.04 0.0133333 0
 0.126667 0.173333 0.246667 0.22 0.133333 0.0466667 0.0266667 0.0266667
 0.0266667 0.333333 0.293333 0.146667 0.0933333 0.1 0 0.00666667
 0.0533333 0.0666667 0.466667 0.253333 0.1 0.0266667 0.0333333 0
 0.0733333 0.146667 0.0866667 0.42 0.18 0.0666667 0.0133333 0.0133333
 0.02 0.253333 0.253333 0.08 0.226667 0.12 0.00666667 0.04
 0.0466667 0.06 0.48 0.173333 0.08 0.106667 0.04 0.0133333
 0.0266667 0.246667 0.14 0.333333 0.14 0.0333333 0.04 0.04
 0.04 0.106667 0.386667 0.153333 0.193333 0.0533333 0.0133333 0.0533333
 0.0533333 0.193333 0.106667 0.286667 0.0933333 0.14 0.0466667 0.08
 0.113333 0.12 0.3 0.0933333 0.166667 0.1 0.0666667 0.04
 0.00666667 0.293333 0.273333 0.22 0.0866667 0.08 0.00666667 0.0333333
#OBS_survey_prop_N_EM
 150
 150
 150
 150
 150
 150
 150
 150
 150
 150
 150
 150
 150
 150
 150
 150
 150
 150
 150
 150
 150
 150
 150
 150
 150
 150
 150
 150
 150
 150
 150
 150
 150
 150
 150
 150
 150
 150
 150
 150
 150
 150
 150
 150
 150
 150
 150
 150
 150
 150
 150
 150
 150
 150
 150
 150
 150
 150
 150
 150

#OBS_yield_fleet
 8975.32
 10229.4
 9077.21
 10429.7
 8890.97
 10831.5
 6579.96
 7118.59
 6674.46
 5520.43
 6255.39
 8030.84
 6821.6
 4120.48
 5389.87
 8470.11
 6170.36
 5401.03
 4527.48
 4164.48
 4074.56
 2988.51
 5015.42
 2833.3
 2944.26
 4795.73
 4676.9
 2561.95
 1271.81
 1451.17
 9823.82
 11044
 13608.1
 12088.3
 12358.8
 9456.42
 8685.77
 9870.23
 7977.02
 7140.89
 9050.98
 7182.91
 10738.8
 6603.16
 10171.4
 5960.25
 5485.03
 6080.6
 5705.08
 4781.51
 5411.92
 5202.05
 6535.14
 6717.98
 5195.12
 4686.51
 1959.58
 7245.44
 7236.39
 1649.69
#OBS_yield_fleet_se_EM
 0.05
 0.05
 0.05
 0.05
 0.05
 0.05
 0.05
 0.05
 0.05
 0.05
 0.05
 0.05
 0.05
 0.05
 0.05
 0.05
 0.05
 0.05
 0.05
 0.05
 0.05
 0.05
 0.05
 0.05
 0.05
 0.05
 0.05
 0.05
 0.05
 0.05
 0.05
 0.05
 0.05
 0.05
 0.05
 0.05
 0.05
 0.05
 0.05
 0.05
 0.05
 0.05
 0.05
 0.05
 0.05
 0.05
 0.05
 0.05
 0.05
 0.05
 0.05
 0.05
 0.05
 0.05
 0.05
 0.05
 0.05
 0.05
 0.05
 0.05

#OBS_catch_prop
 0.0133333 0.06 0.113333 0.24 0.113333 0.253333 0.126667 0.08
 0.0333333 0.0533333 0.126667 0.24 0.166667 0.113333 0.12 0.146667
 0.0133333 0.0133333 0.133333 0.193333 0.24 0.133333 0.1 0.173333
 0.0133333 0.06 0.0733333 0.2 0.173333 0.173333 0.0733333 0.233333
 0.0333333 0.0666667 0.113333 0.14 0.186667 0.146667 0.0733333 0.24
 0.02 0.1 0.126667 0.153333 0.12 0.0933333 0.126667 0.26
 0.00666667 0.0466667 0.153333 0.146667 0.2 0.0933333 0.14 0.213333
 0.06 0.04 0.08 0.226667 0.16 0.14 0.1 0.193333
 0.00666667 0.16 0.133333 0.146667 0.22 0.12 0.08 0.133333
 0.0133333 0.0533333 0.226667 0.253333 0.16 0.14 0.08 0.0733333
 0.02 0.04 0.14 0.446667 0.133333 0.0733333 0.08 0.0666667
 0.0533333 0.0866667 0.04 0.273333 0.326667 0.0733333 0.0533333 0.0933333
 0.04 0.173333 0.233333 0.12 0.166667 0.14 0.0533333 0.0733333
 0.00666667 0.186667 0.32 0.26 0.0533333 0.0666667 0.0533333 0.0533333
 0.0266667 0.0533333 0.306667 0.38 0.133333 0.0266667 0.04 0.0333333
 0.04 0.0333333 0.133333 0.373333 0.26 0.0933333 0.0266667 0.04
 0.06 0.153333 0.193333 0.213333 0.246667 0.113333 0.00666667 0.0133333
 0.02 0.0733333 0.293333 0.333333 0.0866667 0.12 0.0733333 0
 0.0466667 0.06 0.186667 0.406667 0.166667 0.0533333 0.06 0.02
 0.0333333 0.14 0.213333 0.266667 0.173333 0.0933333 0.04 0.04
 0.00666667 0.12 0.253333 0.286667 0.186667 0.0666667 0.0533333 0.0266667
 0.0333333 0.0333333 0.28 0.32 0.18 0.08 0.0466667 0.0266667
 0.0533333 0.04 0.0933333 0.44 0.213333 0.106667 0.04 0.0133333
 0.0466667 0.0733333 0.193333 0.12 0.32 0.166667 0.0333333 0.0466667
 0.04 0.0933333 0.286667 0.2 0.1 0.18 0.0666667 0.0333333
 0.00666667 0.133333 0.133333 0.386667 0.12 0.0666667 0.0933333 0.06
 0.0266667 0.0533333 0.253333 0.273333 0.266667 0.06 0.0333333 0.0333333
 0.0466667 0.0533333 0.0533333 0.38 0.2 0.126667 0.0533333 0.0866667
 0 0.0933333 0.26 0.106667 0.206667 0.146667 0.12 0.0666667
 0.0133333 0.0933333 0.186667 0.246667 0.0666667 0.16 0.08 0.153333
 0 0.0133333 0.16 0.326667 0.18 0.14 0.1 0.08
 0 0 0.153333 0.3 0.253333 0.113333 0.06 0.12
 0.00666667 0.0266667 0.133333 0.253333 0.246667 0.146667 0.0866667 0.1
 0 0.02 0.213333 0.213333 0.173333 0.126667 0.113333 0.14
 0.00666667 0.02 0.14 0.18 0.14 0.206667 0.12 0.186667
 0.00666667 0.0266667 0.14 0.306667 0.193333 0.146667 0.0666667 0.113333
 0 0.02 0.233333 0.213333 0.226667 0.133333 0.0533333 0.12
 0.0333333 0.06 0.22 0.253333 0.0933333 0.14 0.0866667 0.113333
 0 0.0733333 0.22 0.28 0.226667 0.0933333 0.0466667 0.06
 0.00666667 0.0333333 0.366667 0.226667 0.14 0.1 0.0333333 0.0933333
 0.00666667 0.02 0.146667 0.533333 0.173333 0.0466667 0.0466667 0.0266667
 0 0.02 0.126667 0.253333 0.433333 0.08 0.0533333 0.0333333
 0.0133333 0.1 0.253333 0.146667 0.193333 0.2 0.0533333 0.04
 0 0.0466667 0.546667 0.2 0.0733333 0.0733333 0.0466667 0.0133333
 0.00666667 0.0266667 0.32 0.466667 0.0933333 0.04 0.02 0.0266667
 0.00666667 0.08 0.146667 0.433333 0.28 0.04 0.00666667 0.00666667
 0 0.0333333 0.233333 0.206667 0.373333 0.14 0.0133333 0
 0 0.08 0.34 0.333333 0.1 0.113333 0.0266667 0.00666667
 0.00666667 0.0733333 0.266667 0.346667 0.213333 0.0466667 0.0333333 0.0133333
 0 0.06 0.26 0.293333 0.273333 0.08 0.00666667 0.0266667
 0.00666667 0.08 0.373333 0.246667 0.166667 0.1 0.02 0.00666667
 0.00666667 0.02 0.386667 0.34 0.126667 0.0733333 0.02 0.0266667
 0.0333333 0.0533333 0.1 0.486667 0.213333 0.0733333 0.00666667 0.0333333
 0 0.126667 0.146667 0.18 0.38 0.12 0.0266667 0.02
 0 0.04 0.406667 0.226667 0.0466667 0.226667 0.0333333 0.02
 0 0.0266667 0.173333 0.506667 0.16 0.02 0.0866667 0.0266667
 0 0 0.306667 0.186667 0.366667 0.1 0.0133333 0.0266667
 0.00666667 0.04 0.113333 0.32 0.16 0.28 0.04 0.04
 0.0266667 0.0466667 0.286667 0.126667 0.34 0.0733333 0.0733333 0.0266667
 0 0.04 0.273333 0.32 0.1 0.133333 0.06 0.0733333
#OBS_catch_prop_N_EM
 150
 150
 150
 150
 150
 150
 150
 150
 150
 150
 150
 150
 150
 150
 150
 150
 150
 150
 150
 150
 150
 150
 150
 150
 150
 150
 150
 150
 150
 150
 150
 150
 150
 150
 150
 150
 150
 150
 150
 150
 150
 150
 150
 150
 150
 150
 150
 150
 150
 150
 150
 150
 150
 150
 150
 150
 150
 150
 150
 150

#nyrs_release
7
#years_of_tag_releases 
 1 5 10 15 20 25 30
#max_life_tags
5
#age_full_selection
 8 8 8 8 8 8 8 8 8 8 8 8 8 8 8 8 8 8 8 8 8 8 8 8 8 8 8 8 8 8
 8 8 8 8 8 8 8 8 8 8 8 8 8 8 8 8 8 8 8 8 8 8 8 8 8 8 8 8 8 8
#input_report_rate_EM
 0.7
 0.8
#ntags
 47.0219 352.684 960.799 734.353 433.782 414.354 256.611 217.228
 82.5468 308.876 667.793 602.866 572.826 319.719 272.477 490.826
 35.0009 435.374 1425.11 694.872 314.225 233.466 86.1283 177.01
 64.7146 355.852 1665.17 1181.92 297.326 74.1735 62.496 74.2836
 104.597 797.687 1056.93 868.982 511.41 149.975 44.3681 66.7189
 102.04 518.251 1400.61 629.65 208.021 282.771 114.163 93.8342
 47.262 487.274 1076.8 775.339 181.165 368.85 140.983 238.855
 27.6059 112.551 334.322 438.932 261.433 179.251 139.923 89.1499
 34.674 132.543 359.621 427.63 218.542 167.107 127.581 214.373
 18.4157 158.209 747.317 317.415 140.818 115.43 34.9652 66.2475
 62.2947 114.594 558.721 338.56 97.04 16.7937 14.7834 21.2824
 144.142 250.279 401.222 261.729 223.865 80.3332 16.249 21.5136
 75.5325 127.739 820.72 269.833 86.8644 179.906 62.0203 28.0472
 32.7711 396.279 390.742 416.049 140.879 169.495 62.1213 75.1424
#ntags_total
 5000 5000 5000 5000 5000 5000 5000
#tag_N_EM
 200 200 200 200 200 200 200 200
 200 200 200 200 200 200 200 200
 200 200 200 200 200 200 200 200
 200 200 200 200 200 200 200 200
 200 200 200 200 200 200 200 200
 200 200 200 200 200 200 200 200
 200 200 200 200 200 200 200 200
 200 200 200 200 200 200 200 200
 200 200 200 200 200 200 200 200
 200 200 200 200 200 200 200 200
 200 200 200 200 200 200 200 200
 200 200 200 200 200 200 200 200
 200 200 200 200 200 200 200 200
 200 200 200 200 200 200 200 200

#input_T_EM
 0.85
 0.15
 0.85
 0.15
 0.85
 0.15
 0.85
 0.15
 0.85
 0.15
 0.85
 0.15
 0.85
 0.15
 0.85
 0.15

 0.25
 0.75
 0.25
 0.75
 0.25
 0.75
 0.25
 0.75
 0.25
 0.75
 0.25
 0.75
 0.25
 0.75
 0.25
 0.75


#OBS_tag_prop_final
 0.005 0 0.01 0.015 0.035 0.03 0.01 0.05 0.025 0.025 0.795
 0.025 0 0.055 0.025 0.03 0.05 0.03 0.05 0.005 0.035 0.695
 0.015 0.01 0.08 0.03 0.03 0.04 0.04 0.01 0.01 0.02 0.715
 0.025 0.04 0.045 0.045 0.05 0.05 0.035 0.01 0.02 0.01 0.67
 0.08 0.055 0.045 0.025 0.035 0.03 0.035 0.025 0.025 0 0.645
 0.035 0.045 0.06 0.03 0.03 0.02 0.08 0.03 0.02 0 0.65
 0.07 0.01 0.06 0.025 0.035 0.01 0.045 0.025 0.01 0.01 0.7
 0.1 0.01 0.065 0.025 0.055 0.04 0.04 0.02 0.02 0.005 0.62
 0.005 0 0.02 0 0.06 0.05 0.04 0.07 0.03 0.025 0.7
 0.015 0 0.075 0.03 0.06 0.02 0.05 0.025 0.005 0.005 0.715
 0.04 0.055 0.065 0.095 0.045 0.045 0.02 0.025 0.01 0 0.6
 0.085 0.055 0.08 0.055 0.025 0.025 0.03 0 0.01 0.005 0.63
 0.125 0.045 0.085 0.045 0.045 0.025 0.005 0.01 0.005 0.01 0.6
 0.12 0.04 0.11 0.015 0.045 0.025 0.025 0.02 0.015 0 0.585
 0.16 0.025 0.09 0.015 0.04 0.005 0.03 0.015 0.015 0 0.605
 0.125 0.065 0.105 0.03 0.045 0.03 0.03 0.015 0.02 0.01 0.525
 0.02 0 0.035 0.06 0.05 0.06 0.08 0.025 0.025 0.01 0.635
 0.03 0 0.095 0.065 0.06 0.05 0.005 0.055 0.015 0.005 0.62
 0.045 0.05 0.045 0.115 0.02 0.05 0.025 0.04 0.005 0.01 0.595
 0.11 0.09 0.09 0.045 0.02 0.025 0.025 0.015 0.01 0 0.57
 0.155 0.085 0.055 0.065 0.065 0.04 0.035 0.025 0.005 0.015 0.455
 0.15 0.055 0.115 0.045 0.05 0.01 0.03 0.04 0.005 0.005 0.495
 0.205 0.035 0.1 0.03 0.075 0.015 0.035 0.03 0.005 0 0.47
 0.115 0.045 0.115 0.035 0.05 0 0.035 0.02 0.005 0.01 0.57
 0 0 0.08 0.015 0.115 0.04 0.04 0.05 0.015 0.005 0.64
 0.04 0.01 0.15 0.035 0.07 0.06 0.015 0.015 0.01 0 0.595
 0.08 0.09 0.125 0.06 0.04 0.025 0.01 0.005 0.005 0.005 0.555
 0.15 0.055 0.13 0.035 0.04 0.015 0.025 0.005 0.005 0.005 0.535
 0.165 0.15 0.125 0.025 0.06 0.015 0 0.005 0.005 0 0.45
 0.23 0.02 0.14 0.02 0.06 0.005 0.01 0.01 0 0 0.505
 0.255 0.07 0.115 0.025 0.04 0.005 0 0 0.015 0 0.475
 0.28 0.05 0.11 0.03 0.08 0.015 0.015 0.01 0.005 0 0.405
 0.005 0 0.025 0.025 0.065 0.04 0.045 0.035 0.015 0.03 0.715
 0.02 0.01 0.11 0.065 0.035 0.035 0.03 0.025 0.015 0.01 0.645
 0.075 0.025 0.08 0.115 0.025 0.015 0.03 0.015 0.005 0.005 0.61
 0.155 0.045 0.08 0.085 0.04 0.015 0.01 0.01 0 0.005 0.555
 0.24 0.08 0.075 0.025 0.03 0.015 0.025 0.02 0.005 0.01 0.475
 0.31 0.015 0.06 0.035 0.035 0.015 0.045 0.005 0.01 0.005 0.465
 0.305 0.01 0.125 0.015 0.05 0.005 0.045 0 0.01 0 0.435
 0.25 0.01 0.08 0.015 0.045 0.015 0.025 0.015 0.01 0 0.535
 0 0 0.08 0.03 0.05 0.01 0.015 0.04 0.01 0.03 0.735
 0.03 0 0.05 0.045 0.07 0.025 0.01 0.04 0.005 0.03 0.695
 0.055 0.03 0.105 0.025 0.015 0.03 0.015 0.02 0.015 0.01 0.68
 0.115 0.045 0.12 0.025 0.05 0 0.005 0.015 0.01 0.01 0.605
 0.15 0.065 0.08 0.065 0.025 0.01 0.015 0.02 0 0.005 0.565
 0.16 0.06 0.105 0.03 0.06 0.005 0.01 0.015 0.01 0.01 0.535
 0.135 0.06 0.08 0.025 0.07 0.01 0.025 0.02 0 0 0.575
 0.11 0.03 0.145 0.02 0.05 0.015 0.02 0.01 0 0.015 0.585
 0 0 0 0 0 0 0 0 0 0 1
 0.01 0 0 0 0 0 0 0 0 0 0.99
 0.015 0.015 0 0 0 0 0 0 0 0 0.97
 0.04 0.02 0 0 0 0 0 0 0 0 0.94
 0.01 0.02 0 0 0 0 0 0 0 0 0.97
 0.045 0 0 0 0 0 0 0 0 0 0.955
 0.035 0.01 0 0 0 0 0 0 0 0 0.955
 0.08 0.005 0 0 0 0 0 0 0 0 0.915
 0 0 0.015 0.04 0.01 0.07 0.025 0.025 0.03 0.015 0.77
 0 0.005 0.02 0.095 0.02 0.06 0.015 0.025 0.015 0.01 0.735
 0.005 0.045 0.02 0.095 0.02 0.06 0.01 0.035 0.025 0.025 0.66
 0.025 0.095 0.02 0.065 0.01 0.045 0.005 0.03 0.015 0.01 0.68
 0.01 0.165 0.045 0.075 0.035 0.035 0.03 0.03 0.02 0.01 0.545
 0.01 0.1 0.015 0.1 0.015 0.045 0.02 0.02 0.005 0.015 0.655
 0.01 0.115 0.03 0.06 0.02 0.05 0.015 0.01 0.02 0 0.67
 0.03 0.12 0.035 0.105 0.015 0.065 0.005 0.015 0 0.015 0.595
 0 0 0.02 0.07 0.015 0.045 0.01 0.055 0 0.01 0.775
 0 0 0.04 0.09 0.02 0.055 0.03 0.05 0.015 0.015 0.685
 0.01 0.07 0.025 0.125 0.005 0.05 0.01 0.025 0 0.01 0.67
 0.005 0.22 0.015 0.115 0.005 0.065 0.005 0.015 0.005 0.015 0.535
 0.03 0.175 0.035 0.07 0.06 0.05 0.025 0.01 0 0.005 0.54
 0.02 0.24 0.025 0.08 0.015 0.03 0.01 0.05 0 0.02 0.51
 0.015 0.21 0.055 0.095 0.01 0.04 0.01 0.035 0.015 0.005 0.51
 0.035 0.17 0.025 0.065 0.03 0.04 0.025 0.02 0.005 0 0.585
 0 0.01 0.025 0.07 0.05 0.075 0.075 0.06 0.01 0.015 0.61
 0 0.025 0.01 0.095 0.07 0.055 0.01 0.045 0 0.01 0.68
 0.015 0.075 0.02 0.12 0.02 0.04 0.01 0.015 0.01 0.01 0.665
 0.05 0.17 0.02 0.08 0.055 0.035 0.02 0.015 0 0.005 0.55
 0.04 0.25 0.05 0.09 0.04 0.045 0.015 0.005 0.005 0.01 0.45
 0.01 0.28 0.02 0.105 0.02 0.04 0.015 0.035 0 0.01 0.465
 0.05 0.205 0.04 0.105 0.02 0.04 0.02 0.02 0 0.01 0.49
 0.035 0.25 0.035 0.135 0.045 0.04 0.025 0.02 0.01 0.005 0.4
 0 0.01 0.025 0.095 0.05 0.08 0.005 0.075 0.005 0.02 0.635
 0.005 0.045 0.04 0.13 0.025 0.07 0 0.01 0.01 0 0.665
 0.015 0.3 0.035 0.045 0.02 0.03 0.01 0 0 0.01 0.535
 0.025 0.29 0.04 0.09 0.035 0.015 0.01 0.005 0 0 0.49
 0.04 0.415 0.025 0.095 0.01 0.025 0 0 0 0 0.39
 0 0.48 0.015 0.095 0.005 0.015 0.005 0.005 0 0.01 0.37
 0.025 0.5 0.015 0.065 0.005 0.015 0.005 0 0 0 0.37
 0.02 0.52 0.015 0.1 0.01 0.015 0 0.005 0 0.005 0.31
 0 0 0.015 0.065 0.045 0.05 0.035 0.06 0.01 0.02 0.7
 0 0.03 0.06 0.13 0.025 0.04 0.01 0.01 0 0.02 0.675
 0.025 0.14 0.035 0.07 0.015 0.025 0.015 0.02 0 0.005 0.65
 0.05 0.27 0.01 0.12 0 0.02 0.005 0.02 0.005 0.01 0.49
 0.015 0.33 0.015 0.115 0 0.035 0 0.015 0 0.01 0.465
 0 0.38 0.005 0.135 0.005 0.02 0 0.015 0 0.02 0.42
 0.02 0.32 0.01 0.125 0.01 0.055 0.005 0.02 0 0.005 0.43
 0.01 0.385 0 0.125 0 0.045 0.005 0.005 0 0 0.425
 0 0 0.025 0.05 0.02 0.015 0.015 0.035 0 0.025 0.815
 0 0.01 0.015 0.115 0.01 0 0 0.065 0.005 0.025 0.755
 0 0.095 0.035 0.075 0.04 0.005 0.015 0.025 0 0.015 0.695
 0.015 0.255 0.03 0.115 0.01 0.02 0.01 0.01 0 0.015 0.52
 0.02 0.245 0.025 0.06 0.025 0.01 0.005 0.025 0 0.035 0.55
 0.01 0.25 0.015 0.1 0.01 0.03 0.01 0.02 0.005 0.005 0.545
 0.025 0.3 0.025 0.055 0.01 0.005 0.01 0.035 0 0.015 0.52
 0.01 0.27 0.045 0.095 0.015 0.01 0.005 0.02 0 0.005 0.525
 0 0 0 0 0 0 0 0 0 0 1
 0 0 0 0 0 0 0 0 0 0 1
 0.005 0.03 0 0 0 0 0 0 0 0 0.965
 0 0.065 0 0 0 0 0 0 0 0 0.935
 0.005 0.065 0 0 0 0 0 0 0 0 0.93
 0 0.065 0 0 0 0 0 0 0 0 0.935
 0 0.06 0 0 0 0 0 0 0 0 0.94
 0.015 0.075 0 0 0 0 0 0 0 0 0.91
#OBS_tag_prop_final_no_age
 0 0 0 0 0 0 0 0 0 0 0
 0 0 0 0 0 0 0 0 0 0 0
 0 0 0 0 0 0 0 0 0 0 0
 0 0 0 0 0 0 0 0 0 0 0
 0 0 0 0 0 0 0 0 0 0 0
 0 0 0 0 0 0 0 0 0 0 0
 0 0 0 0 0 0 0 0 0 0 0
 0 0 0 0 0 0 0 0 0 0 0
 0 0 0 0 0 0 0 0 0 0 0
 0 0 0 0 0 0 0 0 0 0 0
 0 0 0 0 0 0 0 0 0 0 0
 0 0 0 0 0 0 0 0 0 0 0
 0 0 0 0 0 0 0 0 0 0 0
 0 0 0 0 0 0 0 0 0 0 0
#input_M_EM
 0.2 0.2 0.2 0.2 0.2 0.2 0.2 0.2
 0.25 0.25 0.25 0.25 0.25 0.25 0.25 0.25
#input_R_ave_EM
 6000 4000
#input_Rec_Prop_EM
 1 1 1 1 1 1 1 1 1 1 1 1 1 1 1 1 1 1 1 1 1 1 1 1 1 1 1 1 1 1
 1 1 1 1 1 1 1 1 1 1 1 1 1 1 1 1 1 1 1 1 1 1 1 1 1 1 1 1 1 1
#input_selectivity_EM
 0.05
 0.1
 0.25
 0.68
 0.95
 0.99
 1
 1
 0.01
 0.05
 0.37
 0.84
 0.97
 1
 1
 1

#input_survey_selectivity_EM
 0.03
 0.3
 0.75
 0.95
 1
 1
 1
 1
 0.05
 0.2
 0.69
 0.9
 1
 1
 1
 1

#input_steep_EM
 0.8 0.8
#input_dist_init_abund
 1
 0
 0
 1
#frac_natal_true
 1
 0
 0
 1
#input_M_TRUE
 0.2 0.2 0.2 0.2 0.2 0.2 0.2 0.2
 0.25 0.25 0.25 0.25 0.25 0.25 0.25 0.25
#init_abund_TRUE
 6000 5000 5040 4320 3000 2500 1500 1000
 0 0 0 0 0 0 0 0
 0 0 0 0 0 0 0 0
 4000 3500 4000 3000 1250 1000 900 800
#q_survey
 0.0015
 0.001
#sel_beta1
 1.31426
 2.44878
#sel_beta2
 3.75925
 3.16045
#sel_beta3
 -0.6
 -0.6
#sel_beta4
 20
 20
#sel_beta1_survey
 2.51256
 1.81389
#sel_beta2_survey
 2.31079
 2.64324
#sel_beta3_survey
 -0.6
 -0.6
#sel_beta4_survey
 20
 20
#steep
 0.7 0.7
#R_ave
 6000 4000
#SSB_zero
 55889.1 26502.8
#rec_devs
 0.398416 0.832586 0.829848 0.609935 1.23077 0.496144 0.486795 2.16068 0.90405 0.564628 1.06931 1.51514 1.80106 0.760168 0.978034 1.98246 1.11949 0.663283 1.60477 1.13216 0.311692 0.768017 0.708501 1.05026 1.33074 0.306996 0.9626 1.00848 0.900627 0.732356
 1.37772 1.27872 0.775427 0.788213 0.739586 1.10403 1.59682 1.05415 0.898026 0.376743 0.698638 1.79268 1.31357 0.541063 1.50724 0.5988 0.677684 1.23734 0.932401 2.70131 0.775733 1.07252 3.14045 0.583424 1.4818 0.788557 1.39722 1.22346 2.30711 0.671924
#Rec_Prop
 1 1 1 1 1 1 1 1 1 1 1 1 1 1 1 1 1 1 1 1 1 1 1 1 1 1 1 1 1
 1 1 1 1 1 1 1 1 1 1 1 1 1 1 1 1 1 1 1 1 1 1 1 1 1 1 1 1 1
#recruits_BM
 6000 4429.42 4443.27 3186.2 6348.23 2453.88 2301.52 9554.34 3821.16 2259.84 4164.38 5861.22 6909.5 2632.22 2898.27 6404.96 3935.69 2156.7 4744.61 3214.57 925.635 2176.52 2097.47 3452.05 4119.71 960.559 3174.91 3472.12 3152.63 2671.21
 4000 4994.19 3034.05 3094.65 2814.8 4107.91 5723.62 3627.3 2974.5 1201.96 2195.08 5751.44 4224.42 1666.06 3840.16 1580.68 1643.74 3198.94 2308.06 6713.97 1919.17 2780.79 8262.06 1644.51 4433.08 2252.09 4063.82 3793.69 7535.03 2162.08
#F
 0.00518456 0.018025 0.053873 0.11569 0.167252 0.190005 0.197213 0.199243
 0.00639431 0.022231 0.0664436 0.142685 0.206279 0.23434 0.24323 0.245734
 0.00738222 0.0256656 0.0767089 0.164729 0.238148 0.270545 0.280808 0.2837
 0.0077029 0.0267805 0.0800412 0.171885 0.248493 0.282297 0.293006 0.296024
 0.00814621 0.0283217 0.0846476 0.181777 0.262794 0.298544 0.309869 0.31306
 0.0105134 0.0365517 0.109245 0.234599 0.339159 0.385297 0.399913 0.404031
 0.00923647 0.0321122 0.0959766 0.206106 0.297966 0.3385 0.351341 0.354959
 0.010704 0.0372143 0.111225 0.238852 0.345307 0.392281 0.407163 0.411355
 0.0112214 0.0390132 0.116602 0.250398 0.361999 0.411244 0.426845 0.43124
 0.0111666 0.0388227 0.116033 0.249175 0.360232 0.409236 0.424761 0.429134
 0.0116407 0.0404709 0.120959 0.259754 0.375525 0.426609 0.442793 0.447353
 0.0168914 0.0587258 0.175519 0.376919 0.54491 0.619038 0.642521 0.649137
 0.0212096 0.073739 0.22039 0.473278 0.684216 0.777294 0.806781 0.815088
 0.013592 0.0472549 0.141235 0.303296 0.438473 0.498121 0.517018 0.522342
 0.0148663 0.0516852 0.154476 0.331731 0.479581 0.544822 0.56549 0.571313
 0.0198978 0.069178 0.206758 0.444005 0.641895 0.729216 0.756879 0.764673
 0.0193194 0.0671673 0.200749 0.431099 0.623238 0.70802 0.734879 0.742447
 0.0182297 0.0633787 0.189425 0.406783 0.588084 0.668085 0.693429 0.700569
 0.0158477 0.0550972 0.164674 0.35363 0.511241 0.580788 0.60282 0.609028
 0.0158217 0.0550069 0.164404 0.35305 0.510403 0.579836 0.601832 0.608029
 0.0137093 0.0476629 0.142454 0.305914 0.442259 0.502422 0.521481 0.526851
 0.00857374 0.0298081 0.0890901 0.191317 0.276586 0.314212 0.326132 0.32949
 0.0135423 0.0470822 0.140719 0.302187 0.436871 0.496301 0.515128 0.520433
 0.00882016 0.0306649 0.0916507 0.196816 0.284536 0.323243 0.335505 0.33896
 0.00797774 0.027736 0.082897 0.178018 0.257359 0.29237 0.303461 0.306586
 0.0126303 0.0439113 0.131241 0.281836 0.407448 0.462876 0.480435 0.485382
 0.0123968 0.0430997 0.128816 0.276627 0.399918 0.454321 0.471556 0.476411
 0.00540113 0.018778 0.0561233 0.120522 0.174239 0.197941 0.20545 0.207566
 0.00259228 0.00901252 0.0269365 0.057845 0.0836262 0.0950024 0.0986063 0.0996217
 0.00259228 0.00901252 0.0269365 0.057845 0.0836262 0.0950024 0.0986063 0.0996217
 0.00125354 0.0137781 0.100754 0.221635 0.247266 0.249761 0.249979 0.249998
 0.00149837 0.0164692 0.120433 0.264923 0.29556 0.298543 0.298804 0.298826
 0.00176036 0.0193488 0.14149 0.311244 0.347238 0.350743 0.351049 0.351075
 0.00201732 0.0221731 0.162143 0.356676 0.397925 0.401941 0.402291 0.402322
 0.00221624 0.0243596 0.178132 0.391847 0.437163 0.441575 0.44196 0.441994
 0.00216507 0.0237971 0.174019 0.3828 0.427069 0.431379 0.431756 0.431788
 0.00235082 0.0258388 0.188949 0.415642 0.463709 0.468389 0.468798 0.468834
 0.00350293 0.0385021 0.281551 0.619344 0.690969 0.697943 0.698552 0.698605
 0.00287127 0.0315593 0.230781 0.507662 0.566371 0.572087 0.572587 0.57263
 0.00258514 0.0284143 0.207782 0.457071 0.50993 0.515076 0.515526 0.515565
 0.00320728 0.0352525 0.257787 0.567071 0.63265 0.639035 0.639593 0.639641
 0.00269623 0.0296353 0.216711 0.476713 0.531843 0.537211 0.537679 0.53772
 0.00585974 0.0644067 0.470981 1.03604 1.15586 1.16752 1.16854 1.16863
 0.00411963 0.0452804 0.331118 0.72838 0.812614 0.820816 0.821532 0.821594
 0.00658621 0.0723916 0.529371 1.16449 1.29916 1.31227 1.31342 1.31351
 0.00445816 0.0490014 0.358328 0.788235 0.879391 0.888266 0.889042 0.889109
 0.00406659 0.0446974 0.326855 0.719002 0.802152 0.810248 0.810955 0.811016
 0.00420305 0.0461974 0.337823 0.74313 0.82907 0.837438 0.838169 0.838232
 0.00392616 0.043154 0.315568 0.694174 0.774452 0.782268 0.782951 0.78301
 0.00357176 0.0392587 0.287083 0.631514 0.704546 0.711657 0.712278 0.712332
 0.00361246 0.039706 0.290354 0.63871 0.712574 0.719766 0.720394 0.720448
 0.00267743 0.0294287 0.215201 0.47339 0.528136 0.533466 0.533931 0.533972
 0.00287964 0.0316513 0.231454 0.509142 0.568023 0.573755 0.574256 0.574299
 0.00308145 0.0338695 0.247674 0.544823 0.60783 0.613965 0.614501 0.614547
 0.00259331 0.0285041 0.208439 0.458516 0.511542 0.516705 0.517156 0.517195
 0.00192159 0.021121 0.154449 0.339752 0.379043 0.382868 0.383202 0.383231
 0.000626769 0.00688906 0.050377 0.110817 0.123633 0.124881 0.12499 0.124999
 0.00268439 0.0295051 0.215759 0.474619 0.529507 0.534851 0.535318 0.535358
 0.00304304 0.0334472 0.244586 0.538031 0.600252 0.60631 0.60684 0.606885
 0.000626769 0.00688906 0.050377 0.110817 0.123633 0.124881 0.12499 0.124999
#Fyear
 0.2
 0.246667
 0.284777
 0.297148
 0.314249
 0.405566
 0.356307
 0.412917
 0.432878
 0.430764
 0.449051
 0.651602
 0.818184
 0.524325
 0.573482
 0.767577
 0.745266
 0.70323
 0.61134
 0.610338
 0.528852
 0.330741
 0.522409
 0.340247
 0.30775
 0.487225
 0.478221
 0.208354
 0.1
 0.1
 0.25
 0.298828
 0.351078
 0.402325
 0.441997
 0.431791
 0.468837
 0.69861
 0.572634
 0.515569
 0.639646
 0.537724
 1.16864
 0.8216
 1.31352
 0.889115
 0.811022
 0.838238
 0.783016
 0.712337
 0.720453
 0.533975
 0.574304
 0.614551
 0.517198
 0.383234
 0.125
 0.535362
 0.60689
 0.125
#biomass_AM
 68335.2 68130.1 59556 55325.2 47114.3 41122 34279.7 33797.4 30797.7 28419.7 28583.6 26661.6 24034.2 20714.6 22946.7 25104.1 21117.6 18676.8 18128.8 18652.2 16888 17772.5 20075.4 17593.7 20101.4 21032.5 21580.4 22216.1 23383.9 26050
 63042.1 60738.2 59512.6 48724.9 44001.7 36174.8 32652.8 30022.4 26774.6 27289 26645.7 24931.4 23046.6 19252.7 20822.2 14916.9 15360.6 15967.8 15650.3 16609.4 17671.8 18838.1 21610.6 21043.2 21539.3 22544.6 23432.9 26841.7 26747.2 24767.7
#biomass_population
 68335.2 68130.1 59556 55325.2 47114.3 41122 34279.7 33797.4 30797.7 28419.7 28583.6 26661.6 24034.2 20714.6 22946.7 25104.1 21117.6 18676.8 18128.8 18652.2 16888 17772.5 20075.4 17593.7 20101.4 21032.5 21580.4 22216.1 23383.9 26050
 63042.1 60738.2 59512.6 48724.9 44001.7 36174.8 32652.8 30022.4 26774.6 27289 26645.7 24931.4 23046.6 19252.7 20822.2 14916.9 15360.6 15967.8 15650.3 16609.4 17671.8 18838.1 21610.6 21043.2 21539.3 22544.6 23432.9 26841.7 26747.2 24767.7
#catch_at_age_fleet_prop
 0.0161854 0.0481067 0.144922 0.205296 0.173291 0.187982 0.120853 0.103365
 0.0131873 0.0427501 0.10949 0.223792 0.195755 0.131632 0.129335 0.154058
 0.0142251 0.0416745 0.115728 0.188747 0.184924 0.152618 0.0951788 0.206905
 0.0117597 0.0404094 0.0910758 0.207371 0.175024 0.152098 0.105585 0.216677
 0.0263376 0.0390589 0.0934274 0.156517 0.21281 0.134985 0.11945 0.217415
 0.0133411 0.0797243 0.102825 0.176531 0.138138 0.143271 0.0924367 0.253732
 0.015297 0.0410609 0.183147 0.176715 0.173164 0.105381 0.0936421 0.211594
 0.0583012 0.0496767 0.104391 0.286019 0.13226 0.119643 0.0769537 0.172755
 0.025396 0.159015 0.137841 0.177763 0.22312 0.081709 0.0613036 0.133853
 0.0143238 0.0706263 0.255917 0.231918 0.150344 0.127065 0.0486886 0.101117
 0.026443 0.0365344 0.161768 0.410641 0.132847 0.0844544 0.0668024 0.0805095
 0.047068 0.0808331 0.089421 0.267093 0.304168 0.0798088 0.0478344 0.0837741
 0.0646431 0.148165 0.205301 0.134784 0.185977 0.143254 0.0511965 0.0666787
 0.0237399 0.174958 0.273151 0.253859 0.0825907 0.0859449 0.0616245 0.044132
 0.0254281 0.055436 0.287396 0.379998 0.137418 0.039053 0.034194 0.0410769
 0.0503496 0.0713056 0.12621 0.396858 0.241957 0.065998 0.0166687 0.0306535
 0.0382873 0.139145 0.214823 0.179656 0.25274 0.121292 0.0321796 0.0218774
 0.0240272 0.0978143 0.298766 0.277666 0.102619 0.123163 0.0533093 0.0226356
 0.0498679 0.0748297 0.212681 0.370097 0.155297 0.0518401 0.0531179 0.0322693
 0.0409059 0.12369 0.181612 0.278336 0.235666 0.0787642 0.0242179 0.0368078
 0.0118793 0.126298 0.253778 0.26126 0.168981 0.110796 0.0382652 0.028743
 0.0231722 0.032182 0.28537 0.321453 0.168768 0.0840067 0.0539861 0.0310633
 0.0313849 0.0652571 0.0923734 0.403693 0.224176 0.0984 0.0431543 0.0415605
 0.0375652 0.108728 0.170131 0.145216 0.281827 0.149438 0.0561023 0.0509921
 0.0436601 0.0878842 0.262767 0.219193 0.103616 0.160059 0.0670969 0.055724
 0.00998803 0.115332 0.171927 0.333413 0.161908 0.0623428 0.0823943 0.0626943
 0.029464 0.0292035 0.251723 0.239314 0.256645 0.087494 0.0337 0.0724563
 0.0299453 0.0740724 0.0765737 0.362665 0.190143 0.155016 0.0501276 0.0614574
 0.0284452 0.0863676 0.183357 0.126757 0.253733 0.128505 0.117408 0.0754273
 0.0184826 0.0755046 0.184437 0.245933 0.082044 0.189614 0.0752241 0.12876
 0.00214491 0.0195608 0.154046 0.318246 0.197757 0.135401 0.105587 0.0672573
 0.00272327 0.0224275 0.123874 0.262346 0.254941 0.133845 0.0905452 0.109298
 0.00192269 0.0255805 0.127911 0.202162 0.260977 0.171088 0.0867635 0.123596
 0.00228085 0.0222505 0.189708 0.195804 0.183013 0.167542 0.115245 0.124156
 0.0025438 0.0217551 0.156849 0.295059 0.157549 0.120317 0.0917669 0.154159
 0.0041469 0.0311429 0.143603 0.236797 0.250358 0.129189 0.0786824 0.126079
 0.0065605 0.0412504 0.224362 0.212619 0.167552 0.144144 0.0763439 0.127167
 0.00481473 0.0580155 0.218065 0.299511 0.16487 0.0856753 0.0591588 0.10989
 0.00409595 0.0525286 0.276059 0.24621 0.207422 0.081338 0.0487188 0.083628
 0.00162389 0.031215 0.392195 0.264201 0.12255 0.100337 0.030363 0.0575146
 0.0030962 0.0164179 0.160637 0.441232 0.220626 0.068043 0.0504915 0.0394566
 0.00914279 0.0361189 0.112264 0.237465 0.386803 0.130047 0.039382 0.0487767
 0.00945892 0.108287 0.227127 0.154647 0.182664 0.227904 0.0511044 0.038807
 0.00336606 0.068709 0.514418 0.217256 0.0637213 0.0520981 0.0550121 0.0254193
 0.00716912 0.029538 0.389002 0.390988 0.118688 0.0205426 0.0180676 0.0260047
 0.00454952 0.0776663 0.169167 0.435492 0.236959 0.0497375 0.0086497 0.017779
 0.00433326 0.0609728 0.305071 0.203388 0.296321 0.103737 0.0170415 0.00913514
 0.00771775 0.0458466 0.320346 0.343245 0.126461 0.111066 0.0360755 0.0092421
 0.00591338 0.0581663 0.226059 0.394529 0.211408 0.0463948 0.0413098 0.0162197
 0.0159824 0.0621069 0.26563 0.277074 0.248359 0.0890383 0.0179923 0.0238161
 0.00395678 0.108217 0.30564 0.253743 0.174717 0.108658 0.0306806 0.014387
 0.00472142 0.0254391 0.40369 0.310077 0.134973 0.068885 0.0367828 0.0154321
 0.0131316 0.0387915 0.0988687 0.498788 0.219262 0.0691317 0.034706 0.0273202
 0.00320348 0.109055 0.201313 0.135924 0.375511 0.110356 0.0363727 0.0282649
 0.00667764 0.0252683 0.43184 0.225196 0.0757988 0.156802 0.0540018 0.0244153
 0.00309775 0.0487856 0.135725 0.534133 0.135227 0.0347132 0.072579 0.0357402
 0.00533081 0.0235517 0.252646 0.193506 0.361769 0.0847884 0.0181704 0.0602378
 0.00525007 0.0493315 0.11093 0.360527 0.150453 0.228939 0.0506941 0.0438765
 0.011281 0.0446619 0.248983 0.137842 0.31866 0.0905801 0.102689 0.0453024
 0.00286622 0.077516 0.202395 0.33827 0.119425 0.143471 0.0525299 0.0635256
#yield_fleet
 8266.26
 10354
 10448.5
 10288.8
 9055.36
 9669.27
 7017.59
 7163.09
 6322.63
 5976.46
 6301.97
 7971.4
 7498
 4141.54
 5346.85
 7773.2
 6194.35
 5186.35
 4409.46
 4600.94
 3781.79
 2767.44
 4973.02
 2939.01
 2839.77
 4727.68
 4932.51
 2508.2
 1322.36
 1499.11
 10449
 11939
 13639.5
 12221.1
 11960.8
 9387.81
 8348.81
 10373
 7793.97
 7239.03
 9427.54
 7249.22
 10401.2
 6200.35
 10046.1
 5900.96
 5632.74
 5743.91
 5589.23
 4819.86
 5435.31
 4834.42
 6048.29
 6271.81
 5310.14
 4932.59
 1816.39
 7953.07
 7814.32
 1831.97
#survey_at_age_fleet_prop
 0.0137619 0.10322 0.281196 0.214922 0.126954 0.121268 0.075102 0.0635759
 0.0117742 0.0963134 0.223029 0.245839 0.150406 0.0890348 0.084264 0.0993394
 0.0128336 0.094868 0.23815 0.209379 0.143413 0.104169 0.0625701 0.134617
 0.0109406 0.0948584 0.193257 0.23717 0.13992 0.107007 0.071543 0.145305
 0.024879 0.0930929 0.201268 0.181699 0.172646 0.0963609 0.0821225 0.147932
 0.0116972 0.176348 0.205489 0.189884 0.103693 0.0945654 0.0587455 0.159577
 0.01273 0.0862119 0.3475 0.18059 0.12359 0.0661614 0.0566147 0.126602
 0.0504659 0.108482 0.205949 0.303686 0.0979891 0.0779375 0.0482652 0.107225
 0.0187959 0.2969 0.232486 0.161313 0.141233 0.0454673 0.0328424 0.0709629
 0.0102908 0.128007 0.419003 0.204303 0.092387 0.0686424 0.025323 0.0520436
 0.0207646 0.0723734 0.289454 0.395234 0.089164 0.0498227 0.0379398 0.0452479
 0.0395389 0.171249 0.170909 0.273647 0.216401 0.0497957 0.0287111 0.0497478
 0.0457761 0.264541 0.330313 0.115839 0.110509 0.0744776 0.0255849 0.0329599
 0.0147609 0.274402 0.386798 0.193138 0.0437554 0.0399909 0.0275983 0.0195568
 0.0171387 0.0942422 0.440995 0.313014 0.0787426 0.0196438 0.0165512 0.0196729
 0.0391823 0.139921 0.223253 0.375415 0.158471 0.0378486 0.0091909 0.0167195
 0.0266478 0.244203 0.339922 0.152097 0.148234 0.0623092 0.0158959 0.0106906
 0.0158065 0.162272 0.447003 0.222465 0.057021 0.0599771 0.0249677 0.010488
 0.035472 0.134247 0.344316 0.321423 0.0937447 0.0274575 0.0270694 0.0162705
 0.0290493 0.221539 0.293537 0.241339 0.142032 0.041652 0.0123222 0.0185296
 0.00790417 0.211972 0.384547 0.212681 0.0957814 0.055155 0.0183335 0.0136266
 0.0163187 0.0571824 0.458276 0.278126 0.10202 0.0446795 0.0276516 0.0157462
 0.0256051 0.134293 0.171634 0.403009 0.155846 0.0600829 0.0253612 0.0241682
 0.0286684 0.209356 0.296059 0.136132 0.184561 0.086097 0.0311273 0.0279995
 0.0304657 0.154732 0.418175 0.187992 0.062108 0.084426 0.0340852 0.0280158
 0.00718534 0.209296 0.281755 0.293739 0.0994008 0.033629 0.0427826 0.032213
 0.0221436 0.0553654 0.43099 0.220305 0.164666 0.0493282 0.0182896 0.0389122
 0.0249435 0.155698 0.145549 0.3719 0.136437 0.0979422 0.030509 0.0370211
 0.0222408 0.170429 0.327322 0.122191 0.171316 0.0764354 0.0672823 0.0427833
 0.0142505 0.146923 0.324676 0.233781 0.054625 0.111216 0.0425092 0.0720197
 0.0174371 0.0710921 0.211173 0.277249 0.165133 0.113223 0.0883817 0.0563111
 0.0223045 0.0821163 0.170982 0.229853 0.214028 0.112521 0.0761964 0.0919991
 0.015728 0.093539 0.176218 0.176539 0.218291 0.143295 0.0727425 0.103647
 0.018209 0.0794009 0.254894 0.166509 0.149008 0.136588 0.0940479 0.101343
 0.0206139 0.0787976 0.213797 0.254228 0.129924 0.0993457 0.0758476 0.127446
 0.0326584 0.109625 0.190257 0.198378 0.200761 0.103727 0.0632382 0.101355
 0.0476376 0.133876 0.273929 0.163944 0.123622 0.106482 0.0564532 0.0940568
 0.0342223 0.184257 0.25965 0.223171 0.117245 0.0609859 0.0421519 0.0783166
 0.0287496 0.164771 0.325285 0.182523 0.146978 0.0577006 0.0345949 0.0593976
 0.0115183 0.0989539 0.467419 0.198531 0.0880761 0.0721974 0.0218694 0.0414353
 0.0254067 0.0602021 0.221041 0.380934 0.181923 0.0561654 0.0417187 0.0326085
 0.0700479 0.123674 0.144471 0.192519 0.299857 0.100933 0.0305956 0.037903
 0.0594763 0.304062 0.236915 0.0982692 0.109927 0.137177 0.030788 0.0233847
 0.0207668 0.189382 0.530447 0.139354 0.0389418 0.0318639 0.0336784 0.0155653
 0.0508915 0.0936176 0.456445 0.276586 0.0792765 0.0137196 0.0120772 0.0173866
